85 50
68 62
84 98
50 78
85 36
64 12
42 97
84 49
47 39
59 65
27 62
31 85
63 84
50 15
33 43
37 63
77 29
74 69
70 92
61 69
3 68
16 22
51 38
37 50
54 66
17 92
17 51
75 71
29 53
79 22
98 31
43 92
65 54
21 39
68 38
3 83
78 3
59 76
99 75
47 56
44 35
76 70
70 35
61 68
95 89
23 62
90 80
19 23
96 97
91 55
19 82
92 57
98 39
67 51
21 90
22 73
98 58
26 18
48 94
79 77
99 46
83 94
48 58
87 35
55 42
50 45
2 70
51 83
12 19
30 27
97 65
70 94
95 95
41 1
22 40
15 49
36 91
79 87
93 29
12 36
45 93
15 6
13 13
74 8
30 35
60 59
20 18
6 70
40 58
86 54
40 17
65 97
99 8
47 84
55 25
57 23
70 66
62 14
89 86
87 73
